[gd_scene load_steps=9 format=3 uid="uid://bpgurardg7lfa"]

[ext_resource type="PackedScene" uid="uid://bmy7udp4256gu" path="res://Worlds/WorldObjects/country_tower.tscn" id="1_4y7yr"]
[ext_resource type="PackedScene" uid="uid://ckfx4fnhhqrdh" path="res://Worlds/WorldObjects/forest.tscn" id="2_5u1m3"]

[sub_resource type="ProceduralSkyMaterial" id="ProceduralSkyMaterial_3l6fm"]
sky_horizon_color = Color(0.64625, 0.65575, 0.67075, 1)
ground_horizon_color = Color(0.64625, 0.65575, 0.67075, 1)

[sub_resource type="Sky" id="Sky_2hoo8"]
sky_material = SubResource("ProceduralSkyMaterial_3l6fm")

[sub_resource type="Environment" id="Environment_gfexo"]
background_mode = 2
sky = SubResource("Sky_2hoo8")
tonemap_mode = 2
glow_enabled = true

[sub_resource type="StandardMaterial3D" id="StandardMaterial3D_dnoeh"]
albedo_color = Color(0.137255, 0.294118, 0.00784314, 1)

[sub_resource type="PlaneMesh" id="PlaneMesh_rmixx"]
material = SubResource("StandardMaterial3D_dnoeh")
size = Vector2(100, 100)

[sub_resource type="ConvexPolygonShape3D" id="ConvexPolygonShape3D_ctuce"]
points = PackedVector3Array(-50, 0, -50, -50, 0, 50, 50, 0, -50, 50, 0, 50)

[node name="TestCountry" type="Node3D"]

[node name="WorldEnvironment" type="WorldEnvironment" parent="."]
environment = SubResource("Environment_gfexo")

[node name="DirectionalLight3D" type="DirectionalLight3D" parent="."]
transform = Transform3D(-0.866023, -0.433016, 0.250001, 0, 0.499998, 0.866027, -0.500003, 0.749999, -0.43301, 0, 0, 0)
shadow_enabled = true

[node name="Camera3D" type="Camera3D" parent="."]
transform = Transform3D(-3.70908e-08, 0.529135, -0.848538, 2.31292e-08, 0.848538, 0.529135, 1, 0, -4.37114e-08, -16.5825, 10.067, -27.3378)
fov = 90.0

[node name="Ground" type="MeshInstance3D" parent="."]
mesh = SubResource("PlaneMesh_rmixx")

[node name="StaticBody3D" type="StaticBody3D" parent="Ground"]

[node name="CollisionShape3D" type="CollisionShape3D" parent="Ground/StaticBody3D"]
shape = SubResource("ConvexPolygonShape3D_ctuce")

[node name="CountryTower" parent="." instance=ExtResource("1_4y7yr")]
transform = Transform3D(0.901077, 0, 0.433659, 0, 1, 0, -0.433659, 0, 0.901077, 37.8081, 5.09986, -41.355)
metadata/name = "타워"

[node name="forest" parent="." instance=ExtResource("2_5u1m3")]
transform = Transform3D(1, 0, 0, 0, 1, 0, 0, 0, 1, 27.5438, 0, -11.3792)
metadata/name = "숲"

[connection signal="input_event" from="forest" to="forest" method="_on_location_clicked"]
